2.457200000000000e+00 2.068700000000000e-02 1.460000000000000e-04
2.472000000000000e+00 2.060200000000000e-02 1.320000000000000e-04
2.487300000000000e+00 2.027900000000000e-02 1.250000000000000e-04
2.502100000000000e+00 2.040200000000000e-02 1.300000000000000e-04
2.517000000000000e+00 2.069600000000000e-02 1.210000000000000e-04
2.532300000000000e+00 2.093400000000000e-02 1.200000000000000e-04
2.547200000000000e+00 2.074800000000000e-02 1.270000000000000e-04
2.562100000000000e+00 2.087500000000000e-02 1.330000000000000e-04
2.576900000000000e+00 2.095300000000000e-02 1.170000000000000e-04
2.591800000000000e+00 2.067900000000000e-02 1.110000000000000e-04
2.607200000000000e+00 2.086400000000000e-02 1.100000000000000e-04
2.622100000000000e+00 2.090900000000000e-02 1.090000000000000e-04
2.637000000000000e+00 2.083100000000000e-02 1.100000000000000e-04
2.651900000000000e+00 2.094400000000000e-02 1.080000000000000e-04
2.666800000000000e+00 2.114800000000000e-02 1.060000000000000e-04
2.682200000000000e+00 2.120600000000000e-02 1.040000000000000e-04
2.697100000000000e+00 2.126000000000000e-02 1.120000000000000e-04
2.712100000000000e+00 2.103700000000000e-02 9.800000000000000e-05
2.727000000000000e+00 2.125900000000000e-02 1.060000000000000e-04
2.742000000000000e+00 2.108100000000000e-02 1.070000000000000e-04
2.756900000000000e+00 2.101400000000000e-02 1.170000000000000e-04
2.771900000000000e+00 2.111500000000000e-02 1.050000000000000e-04
2.786800000000000e+00 2.090000000000000e-02 1.110000000000000e-04
2.801800000000000e+00 2.090300000000000e-02 1.130000000000000e-04
2.817200000000000e+00 2.120000000000000e-02 1.140000000000000e-04
2.832200000000000e+00 2.088600000000000e-02 1.110000000000000e-04
2.847200000000000e+00 2.107300000000000e-02 1.050000000000000e-04
2.862200000000000e+00 2.096900000000000e-02 1.100000000000000e-04
2.877200000000000e+00 2.082000000000000e-02 1.200000000000000e-04
2.892200000000000e+00 2.087300000000000e-02 1.110000000000000e-04
2.907200000000000e+00 2.065100000000000e-02 1.110000000000000e-04
2.922200000000000e+00 2.079900000000000e-02 1.060000000000000e-04
2.937200000000000e+00 2.093000000000000e-02 1.120000000000000e-04
2.952300000000000e+00 2.081600000000000e-02 1.100000000000000e-04
2.966800000000000e+00 2.078500000000000e-02 1.030000000000000e-04
2.981800000000000e+00 2.084700000000000e-02 1.020000000000000e-04
2.996900000000000e+00 2.054100000000000e-02 1.030000000000000e-04
3.011900000000000e+00 2.080900000000000e-02 1.030000000000000e-04
3.026900000000000e+00 2.067900000000000e-02 1.080000000000000e-04
3.042000000000000e+00 2.074300000000000e-02 1.020000000000000e-04
3.057000000000000e+00 2.072200000000000e-02 1.050000000000000e-04
3.072100000000000e+00 2.076600000000000e-02 1.100000000000000e-04
3.087200000000000e+00 2.061700000000000e-02 1.120000000000000e-04
3.101700000000000e+00 2.080800000000000e-02 1.040000000000000e-04
3.116800000000000e+00 2.051500000000000e-02 9.700000000000000e-05
3.131900000000000e+00 2.051700000000000e-02 1.050000000000000e-04
3.147000000000000e+00 2.076400000000000e-02 1.010000000000000e-04
3.162100000000000e+00 2.050500000000000e-02 1.040000000000000e-04
3.177100000000000e+00 2.051400000000000e-02 8.700000000000000e-05
3.192200000000000e+00 2.027900000000000e-02 1.000000000000000e-04
3.206800000000000e+00 2.054000000000000e-02 8.999999999999999e-05
3.221900000000000e+00 2.040500000000000e-02 9.800000000000000e-05
3.237100000000000e+00 2.059800000000000e-02 1.010000000000000e-04
3.252200000000000e+00 2.048000000000000e-02 9.800000000000000e-05
3.267300000000000e+00 2.050200000000000e-02 9.800000000000000e-05
3.281900000000000e+00 2.051000000000000e-02 9.599999999999999e-05
3.297000000000000e+00 2.055100000000000e-02 9.599999999999999e-05
3.312100000000000e+00 2.053100000000000e-02 9.800000000000000e-05
3.326800000000000e+00 2.069800000000000e-02 1.040000000000000e-04
3.341900000000000e+00 2.054700000000000e-02 8.999999999999999e-05
3.357000000000000e+00 2.063300000000000e-02 1.000000000000000e-04
3.372200000000000e+00 2.040900000000000e-02 9.599999999999999e-05
3.387300000000000e+00 2.041000000000000e-02 9.499999999999999e-05
3.402000000000000e+00 2.037400000000000e-02 9.100000000000000e-05
3.417100000000000e+00 2.039200000000000e-02 1.030000000000000e-04
3.432200000000000e+00 2.032100000000000e-02 1.030000000000000e-04
3.446900000000000e+00 2.038000000000000e-02 9.700000000000000e-05
3.462100000000000e+00 2.050600000000000e-02 1.090000000000000e-04
3.477200000000000e+00 2.040400000000000e-02 9.700000000000000e-05
3.491900000000000e+00 2.035200000000000e-02 1.010000000000000e-04
3.507000000000000e+00 2.022500000000000e-02 1.040000000000000e-04
3.522200000000000e+00 2.030100000000000e-02 1.090000000000000e-04
3.536900000000000e+00 2.042300000000000e-02 9.800000000000000e-05
3.552000000000000e+00 2.021700000000000e-02 9.300000000000000e-05
3.567200000000000e+00 2.018400000000000e-02 1.030000000000000e-04
3.581900000000000e+00 2.016200000000000e-02 1.030000000000000e-04
3.597100000000000e+00 2.025500000000000e-02 1.020000000000000e-04
3.612200000000000e+00 2.039700000000000e-02 1.070000000000000e-04
3.626900000000000e+00 2.032600000000000e-02 9.900000000000001e-05
3.642100000000000e+00 2.021900000000000e-02 9.900000000000001e-05
3.657300000000000e+00 2.027500000000000e-02 1.130000000000000e-04
3.672000000000000e+00 2.032900000000000e-02 1.050000000000000e-04
3.686700000000000e+00 2.027700000000000e-02 1.130000000000000e-04
3.701900000000000e+00 2.030200000000000e-02 1.010000000000000e-04
3.717100000000000e+00 2.014900000000000e-02 1.130000000000000e-04
3.731800000000000e+00 2.049400000000000e-02 1.050000000000000e-04
3.747000000000000e+00 2.020200000000000e-02 1.070000000000000e-04
3.762200000000000e+00 2.022500000000000e-02 1.050000000000000e-04
3.776900000000000e+00 2.020300000000000e-02 1.080000000000000e-04
3.792100000000000e+00 2.015100000000000e-02 1.060000000000000e-04
3.807300000000000e+00 2.013700000000000e-02 1.080000000000000e-04
3.822000000000000e+00 2.010300000000000e-02 1.170000000000000e-04
3.836700000000000e+00 2.026400000000000e-02 1.190000000000000e-04
3.851900000000000e+00 2.013200000000000e-02 1.070000000000000e-04
3.867100000000000e+00 2.037300000000000e-02 1.210000000000000e-04
3.881800000000000e+00 2.022800000000000e-02 1.190000000000000e-04
3.897000000000000e+00 2.025900000000000e-02 1.040000000000000e-04
3.912200000000000e+00 2.021800000000000e-02 1.030000000000000e-04
3.926900000000000e+00 2.038600000000000e-02 1.030000000000000e-04
3.942100000000000e+00 2.026500000000000e-02 9.200000000000000e-05