Wavelength TransitDepth Uncertainty
2.735510000000000e+00 2.135850000000000e+00 4.474000000000000e-02
2.738910000000000e+00 2.104840000000000e+00 4.033000000000000e-02
2.742310000000000e+00 2.113760000000000e+00 3.694000000000000e-02
2.745710000000000e+00 2.114990000000000e+00 3.532000000000000e-02
2.749110000000000e+00 2.149420000000000e+00 3.249000000000000e-02
2.752500000000000e+00 2.076250000000000e+00 2.914000000000000e-02
2.755900000000000e+00 2.083830000000000e+00 2.937000000000000e-02
2.759300000000000e+00 2.134970000000000e+00 2.500000000000000e-02
2.762700000000000e+00 2.128540000000000e+00 2.420000000000000e-02
2.766100000000000e+00 2.143930000000000e+00 2.468000000000000e-02
2.769500000000000e+00 2.151680000000000e+00 1.993000000000000e-02
2.772900000000000e+00 2.117050000000000e+00 1.973000000000000e-02
2.776290000000000e+00 2.119790000000000e+00 1.890000000000000e-02
2.779690000000000e+00 2.137530000000000e+00 1.799000000000000e-02
2.783090000000000e+00 2.094990000000000e+00 1.773000000000000e-02
2.786490000000000e+00 2.136330000000000e+00 1.735000000000000e-02
2.789890000000000e+00 2.137750000000000e+00 1.669000000000000e-02
2.793280000000000e+00 2.140680000000000e+00 1.560000000000000e-02
2.796680000000000e+00 2.120390000000000e+00 1.517000000000000e-02
2.800080000000000e+00 2.111600000000000e+00 1.423000000000000e-02
2.803480000000000e+00 2.113550000000000e+00 1.444000000000000e-02
2.806870000000000e+00 2.103720000000000e+00 1.407000000000000e-02
2.810270000000000e+00 2.098990000000000e+00 1.310000000000000e-02
2.813670000000000e+00 2.129750000000000e+00 1.355000000000000e-02
2.817070000000000e+00 2.102620000000000e+00 1.333000000000000e-02
2.820460000000000e+00 2.132800000000000e+00 1.276000000000000e-02
2.823860000000000e+00 2.110290000000000e+00 1.234000000000000e-02
2.827260000000000e+00 2.111460000000000e+00 1.215000000000000e-02
2.830650000000000e+00 2.097150000000000e+00 1.229000000000000e-02
2.834050000000000e+00 2.123800000000000e+00 1.259000000000000e-02
2.837450000000000e+00 2.131810000000000e+00 1.179000000000000e-02
2.840840000000000e+00 2.096420000000000e+00 1.179000000000000e-02
2.844240000000000e+00 2.090800000000000e+00 1.167000000000000e-02
2.847640000000000e+00 2.122770000000000e+00 1.117000000000000e-02
2.851030000000000e+00 2.100740000000000e+00 1.180000000000000e-02
2.854430000000000e+00 2.130070000000000e+00 1.140000000000000e-02
2.857820000000000e+00 2.102440000000000e+00 1.140000000000000e-02
2.861220000000000e+00 2.075170000000000e+00 1.088000000000000e-02
2.864620000000000e+00 2.093190000000000e+00 1.116000000000000e-02
2.868010000000000e+00 2.116210000000000e+00 1.070000000000000e-02
2.871410000000000e+00 2.109210000000000e+00 1.125000000000000e-02
2.874800000000000e+00 2.084070000000000e+00 1.174000000000000e-02
2.878200000000000e+00 2.078360000000000e+00 1.085000000000000e-02
2.881590000000000e+00 2.083310000000000e+00 1.085000000000000e-02
2.884990000000000e+00 2.070230000000000e+00 1.075000000000000e-02
2.888380000000000e+00 2.097370000000000e+00 1.126000000000000e-02
2.891780000000000e+00 2.088120000000000e+00 1.090000000000000e-02
2.895170000000000e+00 2.063870000000000e+00 1.178000000000000e-02
2.898570000000000e+00 2.076790000000000e+00 1.091000000000000e-02
2.901960000000000e+00 2.071180000000000e+00 1.124000000000000e-02
2.905360000000000e+00 2.094060000000000e+00 1.044000000000000e-02
2.908750000000000e+00 2.093820000000000e+00 1.102000000000000e-02
2.915540000000000e+00 2.053040000000000e+00 1.059000000000000e-02
2.918940000000000e+00 2.094240000000000e+00 1.047000000000000e-02
2.922330000000000e+00 2.103170000000000e+00 1.089000000000000e-02
2.925720000000000e+00 2.070240000000000e+00 1.011000000000000e-02
2.929120000000000e+00 2.090240000000000e+00 1.027000000000000e-02
2.932510000000000e+00 2.082540000000000e+00 1.063000000000000e-02
2.935900000000000e+00 2.073510000000000e+00 1.022000000000000e-02
2.939300000000000e+00 2.087610000000000e+00 1.027000000000000e-02
2.942690000000000e+00 2.084630000000000e+00 1.043000000000000e-02
2.946080000000000e+00 2.083190000000000e+00 1.011000000000000e-02
2.949480000000000e+00 2.063030000000000e+00 1.030000000000000e-02
2.952870000000000e+00 2.073470000000000e+00 1.032000000000000e-02
2.956260000000000e+00 2.069440000000000e+00 9.930000000000000e-03
2.959660000000000e+00 2.077820000000000e+00 9.460000000000000e-03
2.963050000000000e+00 2.069190000000000e+00 9.849999999999999e-03
2.966440000000000e+00 2.068790000000000e+00 9.870000000000000e-03
2.969840000000000e+00 2.094530000000000e+00 1.000000000000000e-02
2.973230000000000e+00 2.077660000000000e+00 1.001000000000000e-02
2.976620000000000e+00 2.063070000000000e+00 1.007000000000000e-02
2.980010000000000e+00 2.081540000000000e+00 9.870000000000000e-03
2.983400000000000e+00 2.066620000000000e+00 1.091000000000000e-02
2.986800000000000e+00 2.069530000000000e+00 9.760000000000000e-03
2.990190000000000e+00 2.056840000000000e+00 9.320000000000000e-03
2.993580000000000e+00 2.064750000000000e+00 9.920000000000000e-03
2.996970000000000e+00 2.077830000000000e+00 1.148000000000000e-02
3.000360000000000e+00 2.087750000000000e+00 1.003000000000000e-02
3.003760000000000e+00 2.071360000000000e+00 9.560000000000001e-03
3.007150000000000e+00 2.072220000000000e+00 9.549999999999999e-03
3.010540000000000e+00 2.060050000000000e+00 9.700000000000000e-03
3.013930000000000e+00 2.066400000000000e+00 9.610000000000000e-03
3.017320000000000e+00 2.085790000000000e+00 9.750000000000000e-03
3.020710000000000e+00 2.084310000000000e+00 9.270000000000000e-03
3.024100000000000e+00 2.047460000000000e+00 9.590000000000000e-03
3.027490000000000e+00 2.055230000000000e+00 9.660000000000000e-03
3.030880000000000e+00 2.099220000000000e+00 9.650000000000001e-03
3.034270000000000e+00 2.081730000000000e+00 9.939999999999999e-03
3.037660000000000e+00 2.047290000000000e+00 9.310000000000001e-03
3.041050000000000e+00 2.068240000000000e+00 1.002000000000000e-02
3.044440000000000e+00 2.090700000000000e+00 9.599999999999999e-03
3.047830000000000e+00 2.059570000000000e+00 9.280000000000000e-03
3.051220000000000e+00 2.075020000000000e+00 9.520000000000001e-03
3.054610000000000e+00 2.084680000000000e+00 9.599999999999999e-03
3.058000000000000e+00 2.066670000000000e+00 1.022000000000000e-02
3.061390000000000e+00 2.072500000000000e+00 9.540000000000000e-03
3.064780000000000e+00 2.088960000000000e+00 9.960000000000000e-03
3.068170000000000e+00 2.055050000000000e+00 9.520000000000001e-03
3.071560000000000e+00 2.069540000000000e+00 9.330000000000000e-03
3.074950000000000e+00 2.047900000000000e+00 1.007000000000000e-02
3.078340000000000e+00 2.071850000000000e+00 9.520000000000001e-03
3.081730000000000e+00 2.079380000000000e+00 9.490000000000000e-03
3.085120000000000e+00 2.061330000000000e+00 9.860000000000001e-03
3.088510000000000e+00 2.079320000000000e+00 9.540000000000000e-03
3.091900000000000e+00 2.072400000000000e+00 9.809999999999999e-03
3.095280000000000e+00 2.073800000000000e+00 9.590000000000000e-03
3.098670000000000e+00 2.085170000000000e+00 9.979999999999999e-03
3.102060000000000e+00 2.049790000000000e+00 9.780000000000000e-03
3.105450000000000e+00 2.088220000000000e+00 9.760000000000000e-03
3.108840000000000e+00 2.071600000000000e+00 9.480000000000001e-03
3.112230000000000e+00 2.047540000000000e+00 9.410000000000000e-03
3.115610000000000e+00 2.065340000000000e+00 9.580000000000000e-03
3.119000000000000e+00 2.049850000000000e+00 9.760000000000000e-03
3.122390000000000e+00 2.080770000000000e+00 9.710000000000000e-03
3.125780000000000e+00 2.072080000000000e+00 9.610000000000000e-03
3.129160000000000e+00 2.063570000000000e+00 9.690000000000001e-03
3.132550000000000e+00 2.058440000000000e+00 9.580000000000000e-03
3.135940000000000e+00 2.034870000000000e+00 9.790000000000000e-03
3.139320000000000e+00 2.074470000000000e+00 9.180000000000001e-03
3.142710000000000e+00 2.044440000000000e+00 9.620000000000000e-03
3.146100000000000e+00 2.061290000000000e+00 9.549999999999999e-03
3.149480000000000e+00 2.041530000000000e+00 9.360000000000000e-03
3.152870000000000e+00 2.051370000000000e+00 9.780000000000000e-03
3.156260000000000e+00 2.058910000000000e+00 9.379999999999999e-03
3.159640000000000e+00 2.074370000000000e+00 9.320000000000000e-03
3.163030000000000e+00 2.063780000000000e+00 9.880000000000000e-03
3.166420000000000e+00 2.068600000000000e+00 9.410000000000000e-03
3.169800000000000e+00 2.061370000000000e+00 9.410000000000000e-03
3.173190000000000e+00 2.057240000000000e+00 9.910000000000000e-03
3.176570000000000e+00 2.071840000000000e+00 1.041000000000000e-02
3.179960000000000e+00 2.068310000000000e+00 9.910000000000000e-03
3.183340000000000e+00 2.071170000000000e+00 9.570000000000000e-03
3.186730000000000e+00 2.065240000000000e+00 9.440000000000000e-03
3.190120000000000e+00 2.062030000000000e+00 9.679999999999999e-03
3.193500000000000e+00 2.071530000000000e+00 9.860000000000001e-03
3.196890000000000e+00 2.061260000000000e+00 9.679999999999999e-03
3.200270000000000e+00 2.055720000000000e+00 9.549999999999999e-03
3.203650000000000e+00 2.075950000000000e+00 9.469999999999999e-03
3.207040000000000e+00 2.068360000000000e+00 9.679999999999999e-03
3.210420000000000e+00 2.066870000000000e+00 9.679999999999999e-03
3.213810000000000e+00 2.074310000000000e+00 9.630000000000000e-03
3.217190000000000e+00 2.059930000000000e+00 9.889999999999999e-03
3.220580000000000e+00 2.078970000000000e+00 9.719999999999999e-03
3.223960000000000e+00 2.048290000000000e+00 1.150000000000000e-02
3.227340000000000e+00 2.068570000000000e+00 9.910000000000000e-03
3.230730000000000e+00 2.065350000000000e+00 1.018000000000000e-02
3.234110000000000e+00 2.065200000000000e+00 1.017000000000000e-02
3.237500000000000e+00 2.064590000000000e+00 1.002000000000000e-02
3.240880000000000e+00 2.045670000000000e+00 9.679999999999999e-03
3.244260000000000e+00 2.062610000000000e+00 9.830000000000000e-03
3.247640000000000e+00 2.065100000000000e+00 9.939999999999999e-03
3.251030000000000e+00 2.054720000000000e+00 1.032000000000000e-02
3.254410000000000e+00 2.048240000000000e+00 9.820000000000001e-03
3.257790000000000e+00 2.043850000000000e+00 9.809999999999999e-03
3.261180000000000e+00 2.065110000000000e+00 9.500000000000000e-03
3.264560000000000e+00 2.066740000000000e+00 9.639999999999999e-03
3.267940000000000e+00 2.052140000000000e+00 1.049000000000000e-02
3.271320000000000e+00 2.076110000000000e+00 9.469999999999999e-03
3.274710000000000e+00 2.054570000000000e+00 9.750000000000000e-03
3.278090000000000e+00 2.064420000000000e+00 9.570000000000000e-03
3.281470000000000e+00 2.061530000000000e+00 9.939999999999999e-03
3.284850000000000e+00 2.041220000000000e+00 1.002000000000000e-02
3.288230000000000e+00 2.065320000000000e+00 9.679999999999999e-03
3.291610000000000e+00 2.064410000000000e+00 9.910000000000000e-03
3.295000000000000e+00 2.069940000000000e+00 9.639999999999999e-03
3.298380000000000e+00 2.080640000000000e+00 1.003000000000000e-02
3.301760000000000e+00 2.068140000000000e+00 9.970000000000000e-03
3.305140000000000e+00 2.047170000000000e+00 9.970000000000000e-03
3.308520000000000e+00 2.055030000000000e+00 9.769999999999999e-03
3.311900000000000e+00 2.049370000000000e+00 9.979999999999999e-03
3.315280000000000e+00 2.078240000000000e+00 1.011000000000000e-02
3.318660000000000e+00 2.077220000000000e+00 1.011000000000000e-02
3.322040000000000e+00 2.085000000000000e+00 9.970000000000000e-03
3.325420000000000e+00 2.083830000000000e+00 1.004000000000000e-02
3.328800000000000e+00 2.080560000000000e+00 9.719999999999999e-03
3.332180000000000e+00 2.061400000000000e+00 9.760000000000000e-03
3.335560000000000e+00 2.061710000000000e+00 9.570000000000000e-03
3.338940000000000e+00 2.067750000000000e+00 1.143000000000000e-02
3.342320000000000e+00 2.054290000000000e+00 1.065000000000000e-02
3.345700000000000e+00 2.093100000000000e+00 1.042000000000000e-02
3.349080000000000e+00 2.059670000000000e+00 9.740000000000000e-03
3.352460000000000e+00 2.074270000000000e+00 9.750000000000000e-03
3.355840000000000e+00 2.069770000000000e+00 1.024000000000000e-02
3.362590000000000e+00 2.055640000000000e+00 9.990000000000001e-03
3.365970000000000e+00 2.067850000000000e+00 9.310000000000001e-03
3.369350000000000e+00 2.056770000000000e+00 9.620000000000000e-03
3.372730000000000e+00 2.055810000000000e+00 9.719999999999999e-03
3.376110000000000e+00 2.047320000000000e+00 9.469999999999999e-03
3.379490000000000e+00 2.072360000000000e+00 9.679999999999999e-03
3.382860000000000e+00 2.057140000000000e+00 1.009000000000000e-02
3.386240000000000e+00 2.066470000000000e+00 1.006000000000000e-02
3.389620000000000e+00 2.040630000000000e+00 9.740000000000000e-03
3.393000000000000e+00 2.068680000000000e+00 1.005000000000000e-02
3.396370000000000e+00 2.065060000000000e+00 1.014000000000000e-02
3.399750000000000e+00 2.049010000000000e+00 1.045000000000000e-02
3.403130000000000e+00 2.060180000000000e+00 9.700000000000000e-03
3.406510000000000e+00 2.045010000000000e+00 1.027000000000000e-02
3.409880000000000e+00 2.060540000000000e+00 1.007000000000000e-02
3.413260000000000e+00 2.077280000000000e+00 1.052000000000000e-02
3.416640000000000e+00 2.074580000000000e+00 1.162000000000000e-02
3.420010000000000e+00 2.042600000000000e+00 9.849999999999999e-03
3.423390000000000e+00 2.062900000000000e+00 1.001000000000000e-02
3.426770000000000e+00 2.051270000000000e+00 9.670000000000000e-03
3.430140000000000e+00 2.045120000000000e+00 1.048000000000000e-02
3.433520000000000e+00 2.087400000000000e+00 1.011000000000000e-02
3.436890000000000e+00 2.056380000000000e+00 9.930000000000000e-03
3.440270000000000e+00 2.068560000000000e+00 1.007000000000000e-02
3.443640000000000e+00 2.067500000000000e+00 1.010000000000000e-02
3.447020000000000e+00 2.057350000000000e+00 1.044000000000000e-02
3.450390000000000e+00 2.048520000000000e+00 1.033000000000000e-02
3.453770000000000e+00 2.059230000000000e+00 9.920000000000000e-03
3.457140000000000e+00 2.072580000000000e+00 1.012000000000000e-02
3.460520000000000e+00 2.057040000000000e+00 1.002000000000000e-02
3.463890000000000e+00 2.056960000000000e+00 1.055000000000000e-02
3.467270000000000e+00 2.066590000000000e+00 1.014000000000000e-02
3.470640000000000e+00 2.055380000000000e+00 1.028000000000000e-02
3.474020000000000e+00 2.048610000000000e+00 1.052000000000000e-02
3.477390000000000e+00 2.056440000000000e+00 1.019000000000000e-02
3.480770000000000e+00 2.052680000000000e+00 1.034000000000000e-02
3.484140000000000e+00 2.052530000000000e+00 1.036000000000000e-02
3.487510000000000e+00 2.064900000000000e+00 1.040000000000000e-02
3.490890000000000e+00 2.072040000000000e+00 1.024000000000000e-02
3.494260000000000e+00 2.051300000000000e+00 9.910000000000000e-03
3.497630000000000e+00 2.038610000000000e+00 9.790000000000000e-03
3.501010000000000e+00 2.054610000000000e+00 1.005000000000000e-02
3.504380000000000e+00 2.051510000000000e+00 1.028000000000000e-02
3.507750000000000e+00 2.062760000000000e+00 1.068000000000000e-02
3.511120000000000e+00 2.055410000000000e+00 1.058000000000000e-02
3.514500000000000e+00 2.073430000000000e+00 1.060000000000000e-02
3.517870000000000e+00 2.070100000000000e+00 1.032000000000000e-02
3.521240000000000e+00 2.054890000000000e+00 1.074000000000000e-02
3.524610000000000e+00 2.060850000000000e+00 1.120000000000000e-02
3.527990000000000e+00 2.045670000000000e+00 1.195000000000000e-02
3.531360000000000e+00 2.063250000000000e+00 1.060000000000000e-02
3.534730000000000e+00 2.069270000000000e+00 9.979999999999999e-03
3.538100000000000e+00 2.044960000000000e+00 1.047000000000000e-02
3.541470000000000e+00 2.065710000000000e+00 1.103000000000000e-02
3.544840000000000e+00 2.053310000000000e+00 1.060000000000000e-02
3.548210000000000e+00 2.056030000000000e+00 1.060000000000000e-02
3.551590000000000e+00 2.058250000000000e+00 1.046000000000000e-02
3.554960000000000e+00 2.063060000000000e+00 1.036000000000000e-02
3.558330000000000e+00 2.046410000000000e+00 1.063000000000000e-02
3.561700000000000e+00 2.057360000000000e+00 1.157000000000000e-02
3.565070000000000e+00 2.030590000000000e+00 1.138000000000000e-02
3.568440000000000e+00 2.038640000000000e+00 1.063000000000000e-02
3.571810000000000e+00 2.075980000000000e+00 1.028000000000000e-02
3.575180000000000e+00 2.068620000000000e+00 1.067000000000000e-02
3.578550000000000e+00 2.058700000000000e+00 1.046000000000000e-02
3.581920000000000e+00 2.063120000000000e+00 1.076000000000000e-02
3.585290000000000e+00 2.029100000000000e+00 1.074000000000000e-02
3.588660000000000e+00 2.058940000000000e+00 1.078000000000000e-02
3.592030000000000e+00 2.053660000000000e+00 1.116000000000000e-02
3.595390000000000e+00 2.059690000000000e+00 1.084000000000000e-02
3.598760000000000e+00 2.050780000000000e+00 1.042000000000000e-02
3.602130000000000e+00 2.065550000000000e+00 1.081000000000000e-02
3.605500000000000e+00 2.069600000000000e+00 1.043000000000000e-02
3.608870000000000e+00 2.057700000000000e+00 1.050000000000000e-02
3.612240000000000e+00 2.048230000000000e+00 1.050000000000000e-02
3.615610000000000e+00 2.047860000000000e+00 1.119000000000000e-02
3.618970000000000e+00 2.054390000000000e+00 1.106000000000000e-02
3.622340000000000e+00 2.034070000000000e+00 1.061000000000000e-02
3.625710000000000e+00 2.032530000000000e+00 1.084000000000000e-02
3.629080000000000e+00 2.048900000000000e+00 1.124000000000000e-02
3.632440000000000e+00 2.069250000000000e+00 1.100000000000000e-02
3.635810000000000e+00 2.050800000000000e+00 1.078000000000000e-02
3.639180000000000e+00 2.053230000000000e+00 1.131000000000000e-02
3.642540000000000e+00 2.045910000000000e+00 1.090000000000000e-02
3.645910000000000e+00 2.047660000000000e+00 1.084000000000000e-02
3.649280000000000e+00 2.047920000000000e+00 1.169000000000000e-02
3.652640000000000e+00 2.054690000000000e+00 1.197000000000000e-02
3.656010000000000e+00 2.074350000000000e+00 1.079000000000000e-02
3.659380000000000e+00 2.056750000000000e+00 1.115000000000000e-02
3.662740000000000e+00 2.054290000000000e+00 1.127000000000000e-02
3.666110000000000e+00 2.048100000000000e+00 1.123000000000000e-02
3.669470000000000e+00 2.073610000000000e+00 1.088000000000000e-02
3.672840000000000e+00 2.062040000000000e+00 1.119000000000000e-02
3.676210000000000e+00 2.046200000000000e+00 1.087000000000000e-02
3.679570000000000e+00 2.043150000000000e+00 1.174000000000000e-02
3.682940000000000e+00 2.068260000000000e+00 1.128000000000000e-02
3.686300000000000e+00 2.050300000000000e+00 1.127000000000000e-02
3.689670000000000e+00 2.060240000000000e+00 1.131000000000000e-02
3.693030000000000e+00 2.065030000000000e+00 1.111000000000000e-02
3.696390000000000e+00 2.048200000000000e+00 1.173000000000000e-02
3.699760000000000e+00 2.048310000000000e+00 1.130000000000000e-02
3.703120000000000e+00 2.058780000000000e+00 1.126000000000000e-02
3.706490000000000e+00 2.032850000000000e+00 1.172000000000000e-02
3.709850000000000e+00 2.041090000000000e+00 1.192000000000000e-02
3.713890000000000e+00 2.042480000000000e+00 1.068000000000000e-02
3.829610000000000e+00 2.073050000000000e+00 1.129000000000000e-02
3.834310000000000e+00 2.063970000000000e+00 1.187000000000000e-02
3.839010000000000e+00 2.032280000000000e+00 1.190000000000000e-02
3.843710000000000e+00 2.034130000000000e+00 1.190000000000000e-02
3.848410000000000e+00 2.056600000000000e+00 1.206000000000000e-02
3.853110000000000e+00 2.046120000000000e+00 1.150000000000000e-02
3.857810000000000e+00 2.027330000000000e+00 1.212000000000000e-02
3.862510000000000e+00 2.062230000000000e+00 1.150000000000000e-02
3.867210000000000e+00 2.048350000000000e+00 1.259000000000000e-02
3.871900000000000e+00 2.043360000000000e+00 1.226000000000000e-02
3.876600000000000e+00 2.065600000000000e+00 1.170000000000000e-02
3.881300000000000e+00 2.047910000000000e+00 1.180000000000000e-02
3.886000000000000e+00 2.048810000000000e+00 1.236000000000000e-02
3.890690000000000e+00 2.045400000000000e+00 1.164000000000000e-02
3.895390000000000e+00 2.049880000000000e+00 1.272000000000000e-02
3.900090000000000e+00 2.044490000000000e+00 1.189000000000000e-02
3.904780000000000e+00 2.056290000000000e+00 1.253000000000000e-02
3.909480000000000e+00 2.044040000000000e+00 1.252000000000000e-02
3.914170000000000e+00 2.031690000000000e+00 1.348000000000000e-02
3.918870000000000e+00 2.070930000000000e+00 1.231000000000000e-02
3.923560000000000e+00 2.062710000000000e+00 1.189000000000000e-02
3.928260000000000e+00 2.042780000000000e+00 1.272000000000000e-02
3.932950000000000e+00 2.062490000000000e+00 1.211000000000000e-02
3.937650000000000e+00 2.043410000000000e+00 1.261000000000000e-02
3.942340000000000e+00 2.040520000000000e+00 1.197000000000000e-02
3.947030000000000e+00 2.042450000000000e+00 1.241000000000000e-02
3.951730000000000e+00 2.077700000000000e+00 1.274000000000000e-02
3.956420000000000e+00 2.075440000000000e+00 1.263000000000000e-02
3.961110000000000e+00 2.061970000000000e+00 1.248000000000000e-02
3.965790000000000e+00 2.071270000000000e+00 1.251000000000000e-02
3.970470000000000e+00 2.074510000000000e+00 1.267000000000000e-02
3.975160000000000e+00 2.060050000000000e+00 1.236000000000000e-02
3.979850000000000e+00 2.076720000000000e+00 1.282000000000000e-02
3.984540000000000e+00 2.079980000000000e+00 1.275000000000000e-02
3.989230000000000e+00 2.058720000000000e+00 1.299000000000000e-02
3.993920000000000e+00 2.052420000000000e+00 1.310000000000000e-02
3.998610000000000e+00 2.057790000000000e+00 1.236000000000000e-02
4.003300000000000e+00 2.047280000000000e+00 1.277000000000000e-02
4.007990000000000e+00 2.086990000000000e+00 1.320000000000000e-02
4.012680000000000e+00 2.050470000000000e+00 1.239000000000000e-02
4.017360000000000e+00 2.063540000000000e+00 1.269000000000000e-02
4.022050000000000e+00 2.057690000000000e+00 1.315000000000000e-02
4.026740000000000e+00 2.049320000000000e+00 1.339000000000000e-02
4.031430000000000e+00 2.077510000000000e+00 1.421000000000000e-02
4.036120000000000e+00 2.054520000000000e+00 1.300000000000000e-02
4.040800000000000e+00 2.080420000000000e+00 1.254000000000000e-02
4.045490000000000e+00 2.063180000000000e+00 1.285000000000000e-02
4.050170000000000e+00 2.109670000000000e+00 1.328000000000000e-02
4.054860000000000e+00 2.083140000000000e+00 1.325000000000000e-02
4.059550000000000e+00 2.086040000000000e+00 1.355000000000000e-02
4.064230000000000e+00 2.064330000000000e+00 1.339000000000000e-02
4.068920000000000e+00 2.061660000000000e+00 1.316000000000000e-02
4.073600000000000e+00 2.060590000000000e+00 1.317000000000000e-02
4.078280000000000e+00 2.065570000000000e+00 1.432000000000000e-02
4.082970000000000e+00 2.065570000000000e+00 1.353000000000000e-02
4.087650000000000e+00 2.062470000000000e+00 1.348000000000000e-02
4.092340000000000e+00 2.064820000000000e+00 1.342000000000000e-02
4.097020000000000e+00 2.046210000000000e+00 1.378000000000000e-02
4.101700000000000e+00 2.061700000000000e+00 1.353000000000000e-02
4.106380000000000e+00 2.029100000000000e+00 1.348000000000000e-02
4.111060000000000e+00 2.050580000000000e+00 1.439000000000000e-02
4.115750000000000e+00 2.035400000000000e+00 1.372000000000000e-02
4.120430000000000e+00 2.068130000000000e+00 1.322000000000000e-02
4.125110000000000e+00 2.035270000000000e+00 1.298000000000000e-02
4.129750000000000e+00 2.065250000000000e+00 1.335000000000000e-02
4.134440000000000e+00 2.068150000000000e+00 1.407000000000000e-02
4.139120000000000e+00 2.079190000000000e+00 1.374000000000000e-02
4.143800000000000e+00 2.044310000000000e+00 1.369000000000000e-02
4.148480000000000e+00 2.034340000000000e+00 1.377000000000000e-02
4.153150000000000e+00 2.053360000000000e+00 1.410000000000000e-02
4.157830000000000e+00 2.059360000000000e+00 1.448000000000000e-02
4.162480000000000e+00 2.066580000000000e+00 1.387000000000000e-02
4.167160000000000e+00 2.063420000000000e+00 1.431000000000000e-02
4.171830000000000e+00 2.066290000000000e+00 1.371000000000000e-02
4.176510000000000e+00 2.054570000000000e+00 1.371000000000000e-02
4.181190000000000e+00 2.088470000000000e+00 1.433000000000000e-02
4.185860000000000e+00 2.066090000000000e+00 1.394000000000000e-02
4.190540000000000e+00 2.065500000000000e+00 1.453000000000000e-02
4.195220000000000e+00 2.060670000000000e+00 1.418000000000000e-02
4.199890000000000e+00 2.069800000000000e+00 1.427000000000000e-02
4.204570000000000e+00 2.081070000000000e+00 1.504000000000000e-02
4.209240000000000e+00 2.078240000000000e+00 1.450000000000000e-02
4.213910000000000e+00 2.088290000000000e+00 1.490000000000000e-02
4.218590000000000e+00 2.094650000000000e+00 1.410000000000000e-02
4.223260000000000e+00 2.098490000000000e+00 1.420000000000000e-02
4.227940000000000e+00 2.126300000000000e+00 1.468000000000000e-02
4.232610000000000e+00 2.099530000000000e+00 1.430000000000000e-02
4.237280000000000e+00 2.126540000000000e+00 1.413000000000000e-02
4.241950000000000e+00 2.133940000000000e+00 1.443000000000000e-02
4.246620000000000e+00 2.114840000000000e+00 1.435000000000000e-02
4.251300000000000e+00 2.113640000000000e+00 1.467000000000000e-02
4.255970000000000e+00 2.139650000000000e+00 1.448000000000000e-02
4.260640000000000e+00 2.141830000000000e+00 1.534000000000000e-02
4.265280000000000e+00 2.128890000000000e+00 1.506000000000000e-02
4.269950000000000e+00 2.161240000000000e+00 1.482000000000000e-02
4.274610000000000e+00 2.139030000000000e+00 1.483000000000000e-02
4.279280000000000e+00 2.127300000000000e+00 1.464000000000000e-02
4.283950000000000e+00 2.135810000000000e+00 1.547000000000000e-02
4.288590000000000e+00 2.191250000000000e+00 1.549000000000000e-02
4.293260000000000e+00 2.154340000000000e+00 1.471000000000000e-02
4.297930000000000e+00 2.163440000000000e+00 1.659000000000000e-02
4.302590000000000e+00 2.163420000000000e+00 1.576000000000000e-02
4.307260000000000e+00 2.156820000000000e+00 1.590000000000000e-02
4.311930000000000e+00 2.129300000000000e+00 1.589000000000000e-02
4.316590000000000e+00 2.124520000000000e+00 1.592000000000000e-02
4.321260000000000e+00 2.161010000000000e+00 1.617000000000000e-02
4.325920000000000e+00 2.172760000000000e+00 1.596000000000000e-02
4.330590000000000e+00 2.153590000000000e+00 1.625000000000000e-02
4.335250000000000e+00 2.132990000000000e+00 1.540000000000000e-02
4.339920000000000e+00 2.165110000000000e+00 1.570000000000000e-02
4.344580000000000e+00 2.172250000000000e+00 1.539000000000000e-02
4.349250000000000e+00 2.163380000000000e+00 1.622000000000000e-02
4.353910000000000e+00 2.169280000000000e+00 1.690000000000000e-02
4.358570000000000e+00 2.166940000000000e+00 1.640000000000000e-02
4.363230000000000e+00 2.147730000000000e+00 1.568000000000000e-02
4.367900000000000e+00 2.144130000000000e+00 1.658000000000000e-02
4.372530000000000e+00 2.144570000000000e+00 1.658000000000000e-02
4.377190000000000e+00 2.129340000000000e+00 1.686000000000000e-02
4.381850000000000e+00 2.140490000000000e+00 1.703000000000000e-02
4.386510000000000e+00 2.130690000000000e+00 1.635000000000000e-02
4.391140000000000e+00 2.139900000000000e+00 1.744000000000000e-02
4.395800000000000e+00 2.128000000000000e+00 1.698000000000000e-02
4.400460000000000e+00 2.140310000000000e+00 1.751000000000000e-02
4.405120000000000e+00 2.097570000000000e+00 1.699000000000000e-02
4.409770000000000e+00 2.128100000000000e+00 1.821000000000000e-02
4.414430000000000e+00 2.107610000000000e+00 1.709000000000000e-02
4.419090000000000e+00 2.102210000000000e+00 1.676000000000000e-02
4.423750000000000e+00 2.118730000000000e+00 1.790000000000000e-02
4.428410000000000e+00 2.102370000000000e+00 1.749000000000000e-02
4.433060000000000e+00 2.141530000000000e+00 1.757000000000000e-02
4.437720000000000e+00 2.118860000000000e+00 1.779000000000000e-02
4.442370000000000e+00 2.094250000000000e+00 1.731000000000000e-02
4.447030000000000e+00 2.089370000000000e+00 1.765000000000000e-02
4.451680000000000e+00 2.073830000000000e+00 1.797000000000000e-02
4.456320000000000e+00 2.112470000000000e+00 1.799000000000000e-02
4.460960000000000e+00 2.090760000000000e+00 1.748000000000000e-02
4.465620000000000e+00 2.098630000000000e+00 1.781000000000000e-02
4.470270000000000e+00 2.106900000000000e+00 1.772000000000000e-02
4.474890000000000e+00 2.108270000000000e+00 1.796000000000000e-02
4.479540000000000e+00 2.093720000000000e+00 1.888000000000000e-02
4.484200000000000e+00 2.058500000000000e+00 1.819000000000000e-02
4.488850000000000e+00 2.075230000000000e+00 1.833000000000000e-02
4.493500000000000e+00 2.038530000000000e+00 1.760000000000000e-02
4.498150000000000e+00 2.091680000000000e+00 1.797000000000000e-02
4.502800000000000e+00 2.080550000000000e+00 1.977000000000000e-02
4.507450000000000e+00 2.072230000000000e+00 1.881000000000000e-02
4.512100000000000e+00 2.075050000000000e+00 1.874000000000000e-02
4.516750000000000e+00 2.062620000000000e+00 1.763000000000000e-02
4.521400000000000e+00 2.075530000000000e+00 1.891000000000000e-02
4.526050000000000e+00 2.097140000000000e+00 1.930000000000000e-02
4.530700000000000e+00 2.091040000000000e+00 1.831000000000000e-02
4.535310000000000e+00 2.069510000000000e+00 1.824000000000000e-02
4.539960000000000e+00 2.086860000000000e+00 1.853000000000000e-02
4.544610000000000e+00 2.065150000000000e+00 1.968000000000000e-02
4.549220000000000e+00 2.054770000000000e+00 1.861000000000000e-02
4.553870000000000e+00 2.072530000000000e+00 1.883000000000000e-02
4.558510000000000e+00 2.065590000000000e+00 1.875000000000000e-02
4.563160000000000e+00 2.033240000000000e+00 1.904000000000000e-02
4.567810000000000e+00 2.092780000000000e+00 1.947000000000000e-02
4.572450000000000e+00 2.096080000000000e+00 1.965000000000000e-02
4.577090000000000e+00 2.102220000000000e+00 1.962000000000000e-02
4.581740000000000e+00 2.096970000000000e+00 1.964000000000000e-02
4.586380000000000e+00 2.081290000000000e+00 1.956000000000000e-02
4.591020000000000e+00 2.104270000000000e+00 1.983000000000000e-02
4.595670000000000e+00 2.050180000000000e+00 1.950000000000000e-02
4.600310000000000e+00 2.059600000000000e+00 1.917000000000000e-02
4.604920000000000e+00 2.085410000000000e+00 2.007000000000000e-02
4.609560000000000e+00 2.056250000000000e+00 2.018000000000000e-02
4.614200000000000e+00 2.086810000000000e+00 1.925000000000000e-02
4.618810000000000e+00 2.073870000000000e+00 1.935000000000000e-02
4.623450000000000e+00 2.075920000000000e+00 1.910000000000000e-02
4.628090000000000e+00 2.048350000000000e+00 1.943000000000000e-02
4.632730000000000e+00 2.089410000000000e+00 1.954000000000000e-02
4.637370000000000e+00 2.092010000000000e+00 1.989000000000000e-02
4.642000000000000e+00 2.085810000000000e+00 1.960000000000000e-02
4.646640000000000e+00 2.111100000000000e+00 2.052000000000000e-02
4.651280000000000e+00 2.089640000000000e+00 2.014000000000000e-02
4.655920000000000e+00 2.094230000000000e+00 2.022000000000000e-02
4.660550000000000e+00 2.051570000000000e+00 2.077000000000000e-02
4.665190000000000e+00 2.065470000000000e+00 2.141000000000000e-02
4.669790000000000e+00 2.066230000000000e+00 1.938000000000000e-02
4.674430000000000e+00 2.098970000000000e+00 2.041000000000000e-02
4.679050000000000e+00 2.097140000000000e+00 2.106000000000000e-02
4.683660000000000e+00 2.052850000000000e+00 2.100000000000000e-02
4.688300000000000e+00 2.073490000000000e+00 2.090000000000000e-02
4.692930000000000e+00 2.083140000000000e+00 2.091000000000000e-02
4.697560000000000e+00 2.121260000000000e+00 2.014000000000000e-02
4.702200000000000e+00 2.074120000000000e+00 2.203000000000000e-02
4.706830000000000e+00 2.060610000000000e+00 2.142000000000000e-02
4.711460000000000e+00 2.054530000000000e+00 2.066000000000000e-02
4.716090000000000e+00 2.102770000000000e+00 2.103000000000000e-02
4.720720000000000e+00 2.078840000000000e+00 2.130000000000000e-02
4.725350000000000e+00 2.043640000000000e+00 2.041000000000000e-02
4.729950000000000e+00 2.121320000000000e+00 2.053000000000000e-02
4.734580000000000e+00 2.050750000000000e+00 2.047000000000000e-02
4.739180000000000e+00 2.051750000000000e+00 2.096000000000000e-02
4.743800000000000e+00 2.058560000000000e+00 2.167000000000000e-02
4.748430000000000e+00 2.101800000000000e+00 2.078000000000000e-02
4.753060000000000e+00 2.039010000000000e+00 2.008000000000000e-02
4.757690000000000e+00 2.058070000000000e+00 2.149000000000000e-02
4.762310000000000e+00 2.094210000000000e+00 2.085000000000000e-02
4.766940000000000e+00 2.027260000000000e+00 2.195000000000000e-02
4.771560000000000e+00 2.011700000000000e+00 2.111000000000000e-02
4.776190000000000e+00 2.065720000000000e+00 2.184000000000000e-02
4.780810000000000e+00 2.057220000000000e+00 2.187000000000000e-02
4.785410000000000e+00 2.081530000000000e+00 2.197000000000000e-02
4.790030000000000e+00 2.039680000000000e+00 2.061000000000000e-02
4.794620000000000e+00 2.078140000000000e+00 2.233000000000000e-02
4.799240000000000e+00 2.042060000000000e+00 2.184000000000000e-02
4.803870000000000e+00 2.055970000000000e+00 2.228000000000000e-02
4.808490000000000e+00 2.062260000000000e+00 2.161000000000000e-02
4.813110000000000e+00 2.064270000000000e+00 2.153000000000000e-02
4.817730000000000e+00 2.062780000000000e+00 2.198000000000000e-02
4.822350000000000e+00 2.053470000000000e+00 2.225000000000000e-02
4.826970000000000e+00 2.067500000000000e+00 2.214000000000000e-02
4.831590000000000e+00 2.064360000000000e+00 2.234000000000000e-02
4.836180000000000e+00 2.060840000000000e+00 2.190000000000000e-02
4.840800000000000e+00 2.062130000000000e+00 2.172000000000000e-02
4.845380000000000e+00 2.041190000000000e+00 2.198000000000000e-02
4.850000000000000e+00 2.079760000000000e+00 2.206000000000000e-02
4.854620000000000e+00 2.103030000000000e+00 2.336000000000000e-02
4.859230000000000e+00 2.055110000000000e+00 2.141000000000000e-02
4.863850000000000e+00 2.043180000000000e+00 2.235000000000000e-02
4.868460000000000e+00 2.078590000000000e+00 2.273000000000000e-02
4.873080000000000e+00 2.080500000000000e+00 2.328000000000000e-02
4.877690000000000e+00 2.096920000000000e+00 2.310000000000000e-02
4.882310000000000e+00 2.079080000000000e+00 2.249000000000000e-02
4.886890000000000e+00 2.096510000000000e+00 2.328000000000000e-02
4.891510000000000e+00 2.081860000000000e+00 2.310000000000000e-02
4.896080000000000e+00 2.073510000000000e+00 2.346000000000000e-02
4.900690000000000e+00 2.025400000000000e+00 2.381000000000000e-02
4.905310000000000e+00 2.037530000000000e+00 2.259000000000000e-02
4.909920000000000e+00 2.042200000000000e+00 2.314000000000000e-02
4.914530000000000e+00 2.046330000000000e+00 2.289000000000000e-02
4.919140000000000e+00 2.043590000000000e+00 2.371000000000000e-02
4.923750000000000e+00 2.060200000000000e+00 2.223000000000000e-02
4.928360000000000e+00 2.058650000000000e+00 2.440000000000000e-02
4.932930000000000e+00 2.111080000000000e+00 2.370000000000000e-02
4.937540000000000e+00 2.077580000000000e+00 2.352000000000000e-02
4.942120000000000e+00 2.075620000000000e+00 2.348000000000000e-02
4.946720000000000e+00 2.029860000000000e+00 2.321000000000000e-02
4.951330000000000e+00 2.062410000000000e+00 2.352000000000000e-02
4.955940000000000e+00 2.041010000000000e+00 2.448000000000000e-02
4.960540000000000e+00 2.063540000000000e+00 2.439000000000000e-02
4.965150000000000e+00 2.037010000000000e+00 2.341000000000000e-02
4.969750000000000e+00 2.052250000000000e+00 2.522000000000000e-02
4.974350000000000e+00 2.054260000000000e+00 2.385000000000000e-02
4.978920000000000e+00 2.077630000000000e+00 2.363000000000000e-02
4.983490000000000e+00 2.073540000000000e+00 2.454000000000000e-02
4.988100000000000e+00 2.006750000000000e+00 2.342000000000000e-02
4.992700000000000e+00 2.057430000000000e+00 2.460000000000000e-02
4.997300000000000e+00 2.004160000000000e+00 2.478000000000000e-02
5.001900000000000e+00 2.066610000000000e+00 2.464000000000000e-02
5.006500000000000e+00 2.033000000000000e+00 2.436000000000000e-02
5.011100000000000e+00 2.080470000000000e+00 2.491000000000000e-02
5.015700000000000e+00 2.051180000000000e+00 2.571000000000000e-02
5.020270000000000e+00 2.073420000000000e+00 2.537000000000000e-02
5.024870000000000e+00 2.021270000000000e+00 2.456000000000000e-02
5.029430000000000e+00 2.063720000000000e+00 2.542000000000000e-02
5.034030000000000e+00 2.039380000000000e+00 2.501000000000000e-02
5.038620000000000e+00 2.065440000000000e+00 2.719000000000000e-02
5.043220000000000e+00 2.106580000000000e+00 2.497000000000000e-02
5.047810000000000e+00 2.029500000000000e+00 2.538000000000000e-02
5.052410000000000e+00 2.002180000000000e+00 2.552000000000000e-02
5.057000000000000e+00 2.038280000000000e+00 2.518000000000000e-02
5.061560000000000e+00 2.003700000000000e+00 2.496000000000000e-02
5.066140000000000e+00 2.059060000000000e+00 2.618000000000000e-02
5.070720000000000e+00 2.047510000000000e+00 2.572000000000000e-02
5.075310000000000e+00 2.081870000000000e+00 2.493000000000000e-02
5.079900000000000e+00 2.063320000000000e+00 2.475000000000000e-02
5.084490000000000e+00 2.054970000000000e+00 2.478000000000000e-02
5.089080000000000e+00 2.063770000000000e+00 2.479000000000000e-02
5.093670000000000e+00 2.058760000000000e+00 2.512000000000000e-02
5.098260000000000e+00 2.056500000000000e+00 2.779000000000000e-02
5.102820000000000e+00 2.035540000000000e+00 2.541000000000000e-02
5.107400000000000e+00 2.020910000000000e+00 2.513000000000000e-02
5.111990000000000e+00 2.073150000000000e+00 2.829000000000000e-02
5.116580000000000e+00 2.075760000000000e+00 2.574000000000000e-02
5.121160000000000e+00 2.053890000000000e+00 2.618000000000000e-02
5.125750000000000e+00 2.029120000000000e+00 2.398000000000000e-02
5.130340000000000e+00 2.124820000000000e+00 3.141000000000000e-02
5.134920000000000e+00 2.029640000000000e+00 2.619000000000000e-02
5.139470000000000e+00 2.071010000000000e+00 2.484000000000000e-02
5.144050000000000e+00 2.054350000000000e+00 2.578000000000000e-02
5.148640000000000e+00 2.039950000000000e+00 2.655000000000000e-02
5.153220000000000e+00 2.077020000000000e+00 2.590000000000000e-02
5.157800000000000e+00 2.063050000000000e+00 2.856000000000000e-02
5.163690000000000e+00 2.032820000000000e+00 2.276000000000000e-02
